0 0.204365 0.439980 0.152116 0.104167
0 0.138228 0.463294 0.260582 0.093254
0 0.217593 0.522321 0.051587 0.060516
0 0.281085 0.549107 0.083333 0.116071
0 0.363095 0.536210 0.205026 0.118056
0 0.367063 0.586806 0.173280 0.141865
0 0.536376 0.591270 0.101852 0.031746
0 0.494709 0.610119 0.190476 0.033730
0 0.542989 0.630952 0.157407 0.043651
0 0.659392 0.614087 0.146825 0.041667
0 0.707672 0.699901 0.211640 0.187500
0 0.633598 0.482639 0.060847 0.104167
0 0.718915 0.568452 0.162698 0.287698
0 0.689815 0.345238 0.125661 0.166667
0 0.820767 0.370040 0.332011 0.128968
1 0.764550 0.194444 0.264550 0.265873
1 0.478175 0.186508 0.281746 0.218254
0 0.591931 0.216766 0.080688 0.219246
1 0.576720 0.074901 0.161376 0.042659
0 0.472884 0.106151 0.088624 0.198413
0 0.655423 0.070437 0.123016 0.132937
