0 0.2328042328042328 0.3521825396825397 0.15079365079365079 0.13293650793650794
0 0.4107142857142857 0.4444444444444444 0.21031746031746032 0.08134920634920635
0 0.25727513227513227 0.4211309523809524 0.09656084656084656 0.03670634920634921
0 0.3458994708994709 0.4568452380952381 0.11243386243386243 0.08432539682539683
0 0.6501322751322751 0.38839285714285715 0.11243386243386243 0.18353174603174602
0 0.6706349206349206 0.41617063492063494 0.12169312169312169 0.12003968253968254
0 0.7235449735449735 0.5510912698412699 0.21428571428571427 0.15773809523809523
0 0.6441798941798942 0.5376984126984127 0.11375661375661375 0.12698412698412698
0 0.4801587301587302 0.685515873015873 0.17989417989417988 0.10912698412698413
0 0.6865079365079365 0.5699404761904762 0.2037037037037037 0.17162698412698413
0 0.6534391534391535 0.5510912698412699 0.14285714285714285 0.16567460317460317
0 0.6177248677248677 0.7802579365079365 0.1693121693121693 0.3005952380952381