1 0.2718253968253968 0.7843915343915344 0.2896825396825397 0.10317460317460317
1 0.37549603174603174 0.7394179894179894 0.0882936507936508 0.10317460317460317
1 0.20436507936507936 0.6084656084656085 0.4087301587301587 0.2751322751322751
1 0.2197420634920635 0.5277777777777778 0.3501984126984127 0.28835978835978837
1 0.33382936507936506 0.3802910052910053 0.11210317460317461 0.48544973544973546
1 0.39533730158730157 0.5529100529100529 0.07043650793650794 0.19047619047619047
0 0.5307539682539683 0.6924603174603174 0.06547619047619048 0.12566137566137567
0 0.46130952380952384 0.6349206349206349 0.06349206349206349 0.03968253968253968
0 0.4469246031746032 0.6097883597883598 0.11408730158730158 0.082010582010582
0 0.5987103174603174 0.32341269841269843 0.24305555555555555 0.23941798941798942
0 0.6755952380952381 0.32936507936507936 0.2996031746031746 0.21428571428571427
0 0.5907738095238095 0.46164021164021163 0.25297619047619047 0.11375661375661375
0 0.6661706349206349 0.4417989417989418 0.2708333333333333 0.12698412698412698