0 0.22486772486772486 0.3323412698412698 0.36772486772486773 0.14484126984126985
0 0.2791005291005291 0.4742063492063492 0.2830687830687831 0.1488095238095238
0 0.5178571428571429 0.5148809523809523 0.22354497354497355 0.24206349206349206
0 0.47883597883597884 0.3239087301587302 0.21164021164021163 0.14583333333333334
0 0.49404761904761907 0.27728174603174605 0.2526455026455027 0.48313492063492064
0 0.6243386243386243 0.3576388888888889 0.12962962962962962 0.37202380952380953
0 0.6428571428571429 0.5768849206349206 0.12698412698412698 0.10416666666666667
0 0.6111111111111112 0.753968253968254 0.164021164021164 0.3492063492063492
0 0.4060846560846561 0.6731150793650794 0.30952380952380953 0.25496031746031744
0 0.37566137566137564 0.4558531746031746 0.1164021164021164 0.06448412698412699
0 0.47023809523809523 0.7375992063492064 0.32142857142857145 0.11805555555555555
0 0.5502645502645502 0.7961309523809523 0.3492063492063492 0.23511904761904762
0 0.1765873015873016 0.8204365079365079 0.3134920634920635 0.29563492063492064
0 0.25 0.720734126984127 0.15608465608465608 0.09821428571428571
0 0.7645502645502645 0.2361111111111111 0.18518518518518517 0.3194444444444444
0 0.8234126984126984 0.16815476190476192 0.17328042328042328 0.32043650793650796