1 0.331349 0.448413 0.654762 0.125000
0 0.337302 0.493552 0.447090 0.110119
0 0.601190 0.571429 0.144180 0.134921
0 0.619048 0.582837 0.111111 0.167659
0 0.677249 0.448413 0.068783 0.132937
1 0.506614 0.411210 0.351852 0.209325
0 0.559524 0.741071 0.095238 0.414683
0 0.665344 0.752480 0.171958 0.485119
1 0.772487 0.718750 0.137566 0.262897
0 0.779101 0.879960 0.322751 0.204365
0 0.733466 0.948413 0.289683 0.075397
0 0.570106 0.172619 0.171958 0.343254
0 0.381614 0.947917 0.453704 0.098214
1 0.477513 0.454365 0.359788 0.101190
