1 0.36061507936507936 0.37962962962962965 0.1259920634920635 0.48412698412698413
1 0.26785714285714285 0.2976190476190476 0.0873015873015873 0.5846560846560847
1 0.23115079365079366 0.4662698412698413 0.1527777777777778 0.28703703703703703
1 0.3030753968253968 0.5304232804232805 0.37797619047619047 0.4973544973544973
1 0.16517857142857142 0.5965608465608465 0.29464285714285715 0.09788359788359788
1 0.6378968253968254 0.6428571428571429 0.6924603174603174 0.2275132275132275
1 0.39285714285714285 0.7665343915343915 0.1388888888888889 0.23148148148148148
1 0.3601190476190476 0.5813492063492064 0.06547619047619048 0.167989417989418
1 0.24851190476190477 0.6964285714285714 0.11408730158730158 0.167989417989418
1 0.40625 0.9166666666666666 0.16170634920634921 0.15873015873015872
1 0.12351190476190477 0.8048941798941799 0.09226190476190477 0.07275132275132275