1 0.2400793650793651 0.3695436507936508 0.4642857142857143 0.2628968253968254
1 0.24404761904761904 0.23660714285714285 0.4087301587301587 0.4255952380952381
1 0.3425925925925926 0.2906746031746032 0.11375661375661375 0.18055555555555555
1 0.3578042328042328 0.27728174603174605 0.09391534391534391 0.2152777777777778
1 0.39880952380952384 0.31994047619047616 0.0701058201058201 0.1775793650793651
1 0.455026455026455 0.3323412698412698 0.08465608465608465 0.3353174603174603
1 0.667989417989418 0.4781746031746032 0.30952380952380953 0.3134920634920635
1 0.4173280423280423 0.7127976190476191 0.21825396825396826 0.2787698412698413
1 0.7248677248677249 0.6145833333333334 0.47619047619047616 0.19345238095238096
1 0.44642857142857145 0.8303571428571429 0.18386243386243387 0.32341269841269843
1 0.6792328042328042 0.8501984126984127 0.2261904761904762 0.25992063492063494