1 0.6375661375661376 0.6254960317460317 0.19047619047619047 0.12797619047619047
1 0.41534391534391535 0.7876984126984127 0.2724867724867725 0.30158730158730157
1 0.42658730158730157 0.71875 0.2447089947089947 0.11408730158730158
1 0.5846560846560847 0.6775793650793651 0.07936507936507936 0.12103174603174603
1 0.28174603174603174 0.6755952380952381 0.5105820105820106 0.2400793650793651
1 0.6190476190476191 0.38095238095238093 0.1746031746031746 0.43253968253968256
1 0.6587301587301587 0.3392857142857143 0.2751322751322751 0.4246031746031746
1 0.5482804232804233 0.35168650793650796 0.0701058201058201 0.3005952380952381
1 0.5132275132275133 0.43253968253968256 0.026455026455026454 0.06349206349206349
1 0.4966931216931217 0.44246031746031744 0.03571428571428571 0.07142857142857142
1 0.43783068783068785 0.40228174603174605 0.14285714285714285 0.15575396825396826
1 0.291005291005291 0.4603174603174603 0.48677248677248675 0.15873015873015872