1 0.3439153439153439 0.35813492063492064 0.19576719576719576 0.41865079365079366
1 0.47023809523809523 0.4320436507936508 0.3134920634920635 0.23511904761904762
1 0.21362433862433863 0.6577380952380952 0.0992063492063492 0.1527777777777778
1 0.3187830687830688 0.7718253968253969 0.1402116402116402 0.4126984126984127
1 0.3273809523809524 0.7931547619047619 0.18121693121693122 0.4097222222222222
1 0.20767195767195767 0.5357142857142857 0.16666666666666666 0.12301587301587301
1 0.3664021164021164 0.5858134920634921 0.082010582010582 0.06845238095238096
0 0.4470899470899471 0.4419642857142857 0.13227513227513227 0.19940476190476192
1 0.66005291005291 0.4156746031746032 0.5 0.2837301587301587
1 0.5403439153439153 0.7301587301587301 0.1970899470899471 0.24206349206349206
1 0.7222222222222222 0.6646825396825397 0.5396825396825397 0.18253968253968253
1 0.667989417989418 0.7083333333333334 0.34656084656084657 0.14285714285714285
1 0.7387566137566137 0.7594246031746031 0.4933862433862434 0.2152777777777778